7099
7316
7495
1843.32
2234.64
1.98
g = 1.98
9210
9503
9645
1365.19
2816.90
6.67
g = 6.67
15483
15668
15795
2162.16
3149.61
6.33
g = 6.33
17739
18016
18150
1444.04
2985.07
7.50
g = 7.50
22872
23051
23217
2234.64
2409.64
1.01
g = 1.01
23467
23712
23844
1632.65
3030.30
7.41
g = 7.41
29961
30205
30349
1639.34
2777.78
5.87
g = 5.87
30967
38118
38226
55.94
3703.70
1.01
g = 1.01
41121
41357
41479
1694.92
3278.69
8.85
g = 8.85
51395
51593
51766
2020.20
2312.14
1.57
g = 1.57
54204
54417
54565
1877.93
2702.70
4.57
g = 4.57
59745
60005
60184
1538.46
2234.64
3.17
g = 3.17
62288
62494
62614
1941.75
3333.33
8.54
g = 8.54
68008
68221
68350
1877.93
3100.78
7.15
g = 7.15
68597
68846
68849
1606.43
133333.32
1045.45
g = 1045.45
110601
110784
110951
2185.79
2395.21
1.20
g = 1.20
115122
115303
115411
2209.94
3703.70
10.34
g = 10.34
147846
148099
148220
1581.03
3305.79
9.22
g = 9.22
153721
153904
154012
2185.79
3703.70
10.43
g = 10.43
165277
165476
165610
2010.05
2985.07
5.86
g = 5.86
170464
170646
170756
2197.80
3636.36
9.85
g = 9.85
