10.12
12.07
3.35
9.04
8.83
8.94
9.10
8.99
8.83
8.96
9.12
8.99
8.89
8.99
9.10
8.99
8.94
8.99
9.07
8.99
8.99
8.99
9.02
9.02
9.07
9.02
9.07
9.02
9.10
9.02
9.04
9.02
9.10
9.04
9.07
9.04
4.68
9.02
9.29
9.15
8.99
9.10
9.26
9.15
0.11
1.37
12.15
1.73
28786.35
2.35
560.47
3.01
1.72
2.81
6632.37
3.45
1726.46
4.14
55.62
4.69
573.73
5.43
214.55
6.13
5287.29
7.01
1.49
6.09
9.21
6.23
9.12
6.35
9.23
6.46
9.02
6.56
9.40
6.68
9.07
6.76
0.18
9.52
9.10
9.32
9.49
9.37
9.26
9.35
9.37
9.35
9.26
9.35
9.55
9.37
0.12
2.34
9.43
2.62
0.11
1.36
23.39
1.57
1421.55
1.85
1151.45
2.16
0.34
1.76
9.02
1.90
10.09
2.04
9.32
2.17
10.09
2.31
9.32
2.43
10.03
2.56
9.43
2.68
4.53
9.81
9.57
9.69
9.75
9.72
9.66
9.72
9.78
9.72
9.63
9.72
9.81
9.72
9.66
9.72
9.81
9.72
9.93
9.75
9.57
9.75
9.57
9.72
9.93
9.75
9.43
9.72
10.15
9.75
9.26
9.72
10.22
9.75
9.26
9.72
10.35
9.75
9.18
9.72
10.38
9.75
9.15
9.72
10.44
9.75
9.12
9.72
10.51
9.75
9.10
9.72
10.96
9.78
28786.35
10.51
9.99
10.48
4048.08
11.18
10.51
11.14
10.03
11.10
4313.46
11.79
10.51
11.75
9.12
11.67
10.54
11.63
9.10
11.55
10.58
11.51
9.96
11.48
4605.82
12.03
10.61
11.99
9.10
11.91
3.77
10.51
9.18
9.81
10.54
10.06
9.21
9.84
10.44
9.96
9.26
9.84
10.44
9.93
9.29
9.84
10.38
9.90
9.40
9.84
10.28
9.90
9.49
9.87
10.12
9.87
9.63
9.87
9.99
9.87
9.72
9.87
9.90
9.87
9.81
9.87
9.93
9.87
9.78
9.87
9.87
9.87
9.78
9.87
9.96
9.87
9.75
9.87
10.03
9.87
9.69
9.87
10.06
9.87
10.09
9.87
12793.93
10.58
10.25
10.58
9.32
10.51
10.48
10.51
9.23
10.48
10.65
10.48
9.04
10.44
10.78
10.44
8.99
10.41
10.89
10.41
8.94
10.38
11.03
10.38
8.86
10.35
11.07
10.38
8.86
10.35
11.18
10.35
10.15
10.35
1726.46
10.78
12.58
10.82
4928.93
11.25
8.63
11.18
11.51
11.18
10.09
11.18
1421.55
11.55
12.32
11.59
7835.98
11.99
8.63
11.95
11.36
11.91
10.38
11.91
1190.82
12.28
12.32
12.28
8564.53
12.67
8.61
12.58
12.49
12.58
7835.98
12.99
10.51
12.94
951.61
13.31
11.44
13.27
8.66
13.17
11.51
13.12
10.58
13.08
870.66
13.46
11.55
13.41
1.80
10.12
9.10
9.60
10.06
9.75
9.23
9.63
10.12
9.72
9.26
9.63
10.09
9.72
9.29
9.66
2.40
7.82
2.40
6.69
10.18
6.94
9.10
7.08
10.25
7.27
9.10
7.39
10.15
7.53
0.31
4.87
6.20
4.93
11.51
5.13
375.98
5.63
4313.46
6.23
24528.02
6.85
777.86
7.45
3585.84
8.11
23.28
8.39
18423.27
9.10
2725.33
9.78
0.20
6.54
4048.08
7.03
951.61
7.49
489.75
7.95
3.55
7.69
1078.36
8.15
11482.64
8.66
154.12
9.07
7196.59
9.57
0.28
7.45
10.12
7.51
9.18
7.53
10.18
7.59
9.12
7.63
10.22
7.67
2.53
9.15
10.25
9.69
9.15
9.52
10.25
9.69
9.18
9.57
10.22
9.69
9.18
9.60
10.25
9.69
9.23
9.63
10.15
9.69
9.26
9.66
10.15
9.69
9.35
9.66
10.12
9.69
9.35
9.69
10.18
9.72
9.32
9.69
10.18
9.72
9.35
9.69
10.18
9.72
9.29
9.69
10.25
9.72
9.29
9.69
10.22
9.72
9.29
9.72
10.25
9.72
9.29
9.72
10.28
9.72
9.21
9.72
10.25
9.72
9.29
9.72
10.28
9.72
9.29
9.72
10.25
9.75
9.26
9.72
10.28
9.75
9.29
9.72
10.41
9.75
9.15
9.72
10.51
9.75
9.15
9.72
10.54
9.75
9.07
9.72
10.58
9.75
9.07
9.75
10.61
9.75
9.04
9.75
10.65
9.75
1.01
8.96
7.59
8.94
189.25
9.21
14343.37
9.57
7196.59
9.93
0.77
9.04
15.69
9.12
75.70
9.35
616.48
9.63
150.43
9.87
664.19
10.18
870.66
10.51
368.92
10.78
2241.88
11.10
10.51
11.10
390.73
11.40
951.61
11.71
511.76
12.03
845.97
12.36
547.66
12.67
756.98
12.99
449.79
13.31
951.61
13.65
398.43
13.96
951.61
14.32
523.32
14.65
951.61
14.98
587.48
15.33
845.97
15.69
717.67
16.00
631.80
16.38
664.19
16.71
664.19
17.06
587.48
17.41
756.98
17.77
616.48
18.14
951.61
18.53
717.67
18.85
799.62
19.25
601.72
19.59
777.86
20.02
681.33
20.38
845.97
20.75
699.15
21.12
799.62
21.51
699.15
21.91
1078.36
22.31
736.93
22.73
1044.40
23.06
631.80
23.50
1044.40
23.84
647.69
24.30
202.71
24.66
1114.01
25.02
587.48
25.40
951.61
25.78
699.15
26.17
1012.02
26.70
616.48
27.11
211.49
27.39
1421.55
27.82
616.48
28.26
1421.55
28.71
717.67
29.01
1321.82
29.48
717.67
29.95
265.30
30.28
52.87
30.44
1421.55
30.78
587.48
31.29
1421.55
31.81
573.73
32.16
1232.23
32.52
699.15
33.08
211.49
33.27
230.86
33.65
1190.82
34.03
601.72
34.63
1190.82
35.03
601.72
35.44
1012.02
35.86
647.69
36.28
1044.40
36.72
601.72
37.16
179.42
37.38
1475.70
38.06
459.31
38.30
1232.23
38.77
348.90
39.24
1421.55
39.73
681.33
40.23
170.33
40.48
42.04
40.48
1275.85
40.99
330.46
41.25
1726.46
41.78
398.43
42.04
1151.45
42.58
422.94
43.13
1275.85
43.41
406.36
43.98
1114.01
44.27
362.06
44.85
1370.33
45.15
469.13
45.75
717.67
46.06
0.58
41.78
6132.00
42.31
1232.23
42.58
1321.82
43.13
616.48
43.41
1370.33
43.98
249.10
44.27
3198.48
44.85
777.86
45.15
1533.00
45.75
631.80
46.06
18423.27
46.68
631.80
46.99
406.36
47.31
1151.45
47.96
981.12
48.29
1533.00
48.62
1370.33
49.29
1012.02
49.63
1232.23
49.98
4605.82
50.68
368.92
51.03
923.42
51.39
523.32
51.76
390.73
52.13
1190.82
52.87
4048.08
53.25
736.93
53.64
154.12
54.02
1321.82
54.42
616.48
54.81
1044.40
55.21
12.94
54.81
717.67
55.21
799.62
55.62
2141.13
56.03
1593.71
56.44
896.46
56.86
1370.33
57.29
1151.45
57.71
2590.77
58.15
573.73
58.58
2141.13
59.48
1151.45
59.93
870.66
60.39
1151.45
60.85
3383.86
61.32
10363.09
61.79
1012.02
62.27
3585.84
62.76
12793.93
63.25
1593.71
63.75
896.46
64.25
1232.23
64.76
1012.02
65.28
14343.37
65.80
12793.93
66.32
168.17
66.86
2241.88
67.40
489.75
67.40
1799.15
67.94
923.42
68.50
265.30
69.06
631.80
69.06
1475.70
69.63
1275.85
70.20
1151.45
70.78
1275.85
71.37
573.73
71.37
631.80
71.97
9399.62
72.57
28786.35
73.18
777.86
73.80
4928.93
74.43
383.25
74.43
2241.88
75.06
14343.37
75.70
736.93
76.35
28786.35
77.01
125.14
77.01
2141.13
77.68
1.93
74.43
8564.53
74.43
14343.37
75.06
717.67
75.70
1593.71
76.35
9399.62
77.01
261.10
77.01
12793.93
77.68
8.09
76.35
129.37
76.35
336.44
77.01
1876.52
77.68
4048.08
77.68
197.16
78.36
10363.09
78.36
10363.09
79.05
756.98
79.74
11482.64
80.44
11482.64
81.16
249.10
81.16
7196.59
81.88
1044.40
81.88
6132.00
82.61
4928.93
83.36
479.27
83.36
6132.00
84.11
1012.02
84.87
9399.62
85.65
7196.59
85.65
573.73
86.43
3585.84
87.22
923.42
87.22
4313.46
88.03
313.44
88.03
7835.98
88.85
7196.59
89.68
3027.93
89.68
28786.35
90.52
6632.37
91.37
8564.53
91.37
535.28
92.23
7835.98
93.11
4048.08
93.11
4313.46
94.00
6132.00
94.00
7835.98
94.90
479.27
95.81
7196.59
95.81
10363.09
96.74
3806.46
96.74
4928.93
97.68
7196.59
98.64
547.66
98.64
7835.98
99.61
14343.37
99.61
18423.27
100.59
4313.46
101.59
5686.19
101.59
7196.59
102.60
647.69
102.60
8564.53
103.63
1370.33
103.63
28786.35
104.67
10363.09
105.73
4313.46
105.73
573.73
106.81
16192.32
106.81
1114.01
107.90
5686.19
107.90
375.98
107.90
10363.09
109.01
4928.93
110.14
9399.62
110.14
8564.53
111.28
9399.62
111.28
431.62
112.45
7835.98
112.45
1190.82
113.63
4313.46
113.63
9399.62
114.83
3198.48
114.83
24528.02
116.04
6132.00
116.04
1151.45
117.28
7196.59
117.28
10363.09
118.54
736.93
118.54
24528.02
118.54
1321.82
119.82
5287.29
119.82
8564.53
121.12
664.19
121.12
16192.32
122.44
4928.93
122.44
2349.91
123.78
7196.59
123.78
535.28
123.78
3198.48
125.14
28786.35
125.14
7196.59
126.53
7196.59
126.53
547.66
127.94
4928.93
127.94
1421.55
127.94
7196.59
129.37
449.79
129.37
11482.64
130.83
2047.03
130.83
9399.62
130.83
12793.93
132.31
664.19
132.31
11482.64
133.82
2465.93
133.82
6632.37
133.82
8564.53
135.35
1044.40
135.35
11482.64
136.91
1593.71
136.91
11482.64
136.91
12793.93
138.50
870.66
138.50
12793.93
140.12
4928.93
140.12
3585.84
140.12
4313.46
141.76
348.90
141.76
8564.53
141.76
822.30
143.43
18423.27
143.43
12793.93
145.14
292.72
145.14
5287.29
145.14
8564.53
145.14
535.28
146.87
261.10
146.87
28786.35
146.87
1078.36
146.87
11482.64
148.63
3383.86
148.63
12793.93
150.43
16192.32
150.43
8564.53
150.43
573.73
152.26
28786.35
152.26
249.10
152.26
1321.82
152.26
5686.19
154.12
1799.15
154.12
184.23
154.12
547.66
154.12
1658.09
156.02
23.28
154.12
0.26
136.91
145.14
136.91
145.14
136.91
362.06
136.91
177.08
136.91
302.81
138.50
114.83
136.91
211.49
138.50
148.63
138.50
230.86
138.50
133.82
138.50
44.85
136.91
52.50
136.91
55.62
136.91
318.96
136.91
336.44
136.91
278.50
136.91
406.36
136.91
265.30
138.50
265.30
138.50
431.62
138.50
362.06
138.50
302.81
138.50
368.92
138.50
390.73
140.12
287.86
140.12
511.76
140.12
292.72
140.12
265.30
140.12
261.10
140.12
362.06
140.12
269.59
140.12
777.86
141.76
324.63
141.76
308.06
141.76
302.81
141.76
681.33
141.76
368.92
141.76
390.73
143.43
756.98
143.43
469.13
143.43
923.42
143.43
184.23
143.43
150.43
143.43
324.63
143.43
102.60
143.43
2241.88
145.14
2047.03
145.14
313.44
145.14
318.96
145.14
19.59
145.14
11482.64
145.14
37.61
145.14
3.41
140.12
6132.00
141.76
234.34
141.76
8564.53
141.76
822.30
141.76
18423.27
143.43
799.62
143.43
8564.53
143.43
845.97
145.14
10363.09
145.14
1190.82
145.14
6132.00
145.14
224.12
146.87
7196.59
146.87
205.58
146.87
6132.00
146.87
237.90
146.87
24528.02
148.63
6132.00
148.63
2590.77
148.63
601.72
148.63
7196.59
150.43
845.97
150.43
431.62
150.43
21149.16
150.43
3806.46
152.26
2141.13
152.26
355.39
152.26
4048.08
152.26
1876.52
154.12
230.86
154.12
1275.85
154.12
535.28
154.12
3806.46
154.12
1114.01
156.02
11482.64
156.02
1044.40
156.02
3806.46
156.02
2047.03
157.95
3198.48
157.95
631.80
157.95
3383.86
157.95
1012.02
157.95
5686.19
159.92
10363.09
159.92
1959.00
159.92
3806.46
161.92
11482.64
161.92
845.97
161.92
9399.62
161.92
756.98
161.92
5686.19
163.97
7196.59
163.97
1114.01
163.97
5287.29
166.05
8564.53
166.05
7835.98
166.05
3198.48
166.05
4928.93
168.17
2241.88
168.17
7835.98
168.17
587.48
168.17
7835.98
168.17
7835.98
170.33
2241.88
170.33
28786.35
170.33
7835.98
172.54
4048.08
172.54
34258.13
172.54
6132.00
172.54
6132.00
174.79
9399.62
174.79
1012.02
174.79
6632.37
174.79
7835.98
174.79
18423.27
177.08
3585.84
177.08
7196.59
177.08
923.42
177.08
9399.62
179.42
7196.59
179.42
1593.71
179.42
6632.37
179.42
8564.53
181.80
2870.66
181.80
3585.84
181.80
7196.59
181.80
1421.55
181.80
7835.98
184.23
1593.71
184.23
7196.59
184.23
24528.02
184.23
449.79
184.23
12793.93
186.71
10363.09
186.71
2590.77
186.71
5686.19
186.71
8564.53
189.25
601.72
189.25
4928.93
189.25
1593.71
189.25
5686.19
189.25
664.19
191.83
9399.62
191.83
1593.71
191.83
4313.46
191.83
9399.62
191.83
717.67
194.47
8564.53
194.47
870.66
194.47
9399.62
194.47
535.28
194.47
5686.19
194.47
1044.40
197.16
7835.98
197.16
736.93
197.16
7196.59
197.16
2870.66
197.16
4313.46
199.91
14343.37
199.91
587.48
199.91
7196.59
199.91
4928.93
199.91
4048.08
199.91
9399.62
202.71
681.33
202.71
10363.09
202.71
7835.98
202.71
4928.93
202.71
8564.53
205.58
440.56
205.58
11482.64
205.58
2870.66
205.58
5287.29
205.58
10363.09
208.50
1232.23
208.50
11482.64
208.50
161.92
208.50
7835.98
208.50
0.73
197.16
85.65
197.16
89.68
197.16
101.59
197.16
24528.02
197.16
32.16
197.16
23.50
194.47
14.43
194.47
5.97
189.25
3.60
186.71
8.22
184.23
7.12
181.80
62.76
181.80
313.44
181.80
111.28
181.80
348.90
181.80
211.49
181.80
16192.32
181.80
535.28
181.80
152.26
181.80
756.98
181.80
202.71
181.80
923.42
181.80
217.67
181.80
647.69
184.23
318.96
184.23
573.73
184.23
249.10
184.23
573.73
184.23
383.25
184.23
7835.98
184.23
265.30
184.23
896.46
184.23
8.41
181.80
17.26
181.80
257.01
181.80
1959.00
181.80
6632.37
181.80
375.98
181.80
1593.71
184.23
2590.77
184.23
205.58
184.23
3.49
179.42
1876.52
179.42
2349.91
181.80
3027.93
181.80
4605.82
181.80
5686.19
181.80
845.97
181.80
717.67
181.80
845.97
181.80
2141.13
184.23
11482.64
184.23
42.58
184.23
3027.93
184.23
3585.84
184.23
12793.93
184.23
4605.82
184.23
1044.40
186.71
3383.86
186.71
3585.84
186.71
14343.37
186.71
3027.93
186.71
511.76
186.71
16192.32
189.25
3027.93
189.25
981.12
189.25
11482.64
189.25
12793.93
189.25
10363.09
189.25
11482.64
191.83
12793.93
191.83
8564.53
191.83
21149.16
191.83
587.48
191.83
10363.09
194.47
21149.16
194.47
4928.93
194.47
16192.32
194.47
3585.84
194.47
1044.40
194.47
21149.16
197.16
10363.09
197.16
11482.64
197.16
34258.13
197.16
18423.27
197.16
2870.66
199.91
1044.40
199.91
28786.35
199.91
7196.59
199.91
1959.00
199.91
3198.48
199.91
777.86
199.91
4313.46
202.71
1370.33
202.71
3585.84
202.71
870.66
202.71
21149.16
202.71
1190.82
202.71
4048.08
205.58
5287.29
205.58
7196.59
205.58
2725.33
205.58
573.73
205.58
1321.82
205.58
21149.16
205.58
951.61
208.50
14343.37
208.50
7196.59
208.50
16192.32
208.50
4048.08
208.50
24528.02
208.50
717.67
211.49
664.19
211.49
736.93
211.49
14343.37
211.49
2590.77
211.49
6132.00
211.49
34258.13
211.49
2047.03
214.55
7835.98
214.55
24528.02
214.55
11482.64
214.55
2725.33
214.55
8564.53
214.55
511.76
214.55
6132.00
217.67
24528.02
217.67
1370.33
217.67
2590.77
217.67
5287.29
217.67
7196.59
217.67
1726.46
217.67
6632.37
220.86
1114.01
220.86
28786.35
220.86
21149.16
220.86
24528.02
220.86
1658.09
220.86
6632.37
224.12
1593.71
224.12
6632.37
224.12
28786.35
224.12
24528.02
224.12
1421.55
224.12
4928.93
224.12
1044.40
224.12
24528.02
227.45
573.73
227.45
12793.93
227.45
923.42
227.45
10363.09
227.45
34258.13
227.45
870.66
227.45
736.93
227.45
5686.19
230.86
1533.00
230.86
6132.00
230.86
3585.84
230.86
10363.09
230.86
7835.98
230.86
4928.93
230.86
1078.36
234.34
8564.53
234.34
4313.46
234.34
9399.62
234.34
3806.46
234.34
18423.27
234.34
951.61
234.34
6132.00
237.90
799.62
237.90
7196.59
237.90
257.01
237.90
5287.29
237.90
375.98
237.90
6132.00
237.90
7835.98
237.90
5287.29
237.90
362.06
237.90
2241.88
241.55
4605.82
241.55
8564.53
241.55
951.61
241.55
9399.62
241.55
11482.64
241.55
2349.91
241.55
7196.59
241.55
11482.64
245.28
822.30
245.28
14343.37
245.28
4928.93
245.28
21149.16
245.28
21149.16
245.28
7835.98
245.28
9399.62
249.10
573.73
249.10
777.86
249.10
3585.84
249.10
2141.13
249.10
7196.59
249.10
896.46
249.10
7835.98
249.10
1114.01
249.10
8564.53
249.10
1658.09
253.01
4313.46
253.01
9399.62
253.01
1475.70
253.01
8564.53
253.01
777.86
253.01
7835.98
253.01
896.46
253.01
9399.62
253.01
1876.52
257.01
24528.02
257.01
4313.46
257.01
3198.48
257.01
18423.27
257.01
14343.37
257.01
459.31
257.01
1421.55
257.01
5287.29
257.01
601.72
261.10
5287.29
261.10
21149.16
261.10
12793.93
261.10
16192.32
261.10
5287.29
261.10
11482.64
261.10
1876.52
261.10
10363.09
265.30
4048.08
265.30
1190.82
265.30
12793.93
265.30
0.00
127.94
6132.00
127.94
5686.19
127.94
28786.35
129.37
0.62
125.14
0.95
121.12
102.60
121.12
1.47
118.54
8.06
118.54
29.17
118.54
217.67
118.54
63.75
118.54
3.01
116.04
336.44
116.04
2590.77
117.28
123.78
117.28
2725.33
117.28
383.25
117.28
168.17
117.28
489.75
117.28
241.55
117.28
631.80
117.28
184.23
117.28
11482.64
118.54
2870.66
118.54
220.86
118.54
845.97
118.54
220.86
118.54
664.19
118.54
39.24
118.54
981.12
118.54
375.98
118.54
573.73
118.54
523.32
118.54
616.48
119.82
269.59
119.82
2241.88
119.82
375.98
119.82
3806.46
119.82
330.46
119.82
1876.52
119.82
30.12
119.82
699.15
119.82
273.99
119.82
1726.46
119.82
73.80
119.82
2725.33
121.12
10.25
119.82
7196.59
119.82
23.61
119.82
157.95
119.82
923.42
119.82
440.56
119.82
431.62
119.82
4313.46
121.12
1275.85
121.12
3585.84
121.12
96.74
121.12
1078.36
121.12
362.06
121.12
121.12
121.12
88.85
121.12
631.80
121.12
1593.71
121.12
845.97
121.12
799.62
122.44
273.99
122.44
93.11
122.44
211.49
122.44
547.66
122.44
261.10
122.44
1275.85
122.44
1078.36
122.44
227.45
122.44
10363.09
122.44
981.12
122.44
414.52
123.78
308.06
123.78
535.28
123.78
3.88
122.44
241.55
122.44
0.01
100.59
30.28
100.59
479.27
100.59
5686.19
100.59
1593.71
100.59
18423.27
100.59
535.28
101.59
24528.02
101.59
2141.13
101.59
4048.08
101.59
3027.93
101.59
2241.88
101.59
2047.03
102.60
6132.00
102.60
896.46
102.60
6132.00
102.60
923.42
102.60
10363.09
103.63
3198.48
103.63
469.13
103.63
3027.93
103.63
11482.64
103.63
2047.03
103.63
500.57
103.63
951.61
104.67
1533.00
104.67
116.04
104.67
1533.00
104.67
1275.85
104.67
21149.16
104.67
440.56
104.67
14343.37
105.73
269.59
105.73
4048.08
105.73
6632.37
105.73
1959.00
105.73
1012.02
105.73
756.98
106.81
4048.08
106.81
469.13
106.81
4048.08
106.81
4048.08
106.81
2725.33
106.81
799.62
106.81
3027.93
107.90
3806.46
107.90
6132.00
107.90
257.01
107.90
5686.19
107.90
4048.08
107.90
3027.93
109.01
2870.66
109.01
3806.46
109.01
2725.33
109.01
11482.64
109.01
414.52
109.01
7835.98
110.14
5287.29
110.14
4928.93
110.14
422.94
110.14
1078.36
110.14
4928.93
110.14
1012.02
110.14
4048.08
111.28
5686.19
111.28
6132.00
111.28
3585.84
111.28
1658.09
111.28
5686.19
111.28
4928.93
112.45
16192.32
112.45
4048.08
112.45
10363.09
112.45
951.61
112.45
24528.02
112.45
1876.52
113.63
297.70
113.63
1799.15
113.63
390.73
113.63
5686.19
113.63
21149.16
113.63
2590.77
113.63
368.92
114.83
16192.32
114.83
6632.37
114.83
16192.32
114.83
324.63
114.83
8564.53
114.83
16192.32
114.83
2349.91
116.04
253.01
116.04
2241.88
116.04
308.06
116.04
5287.29
116.04
8564.53
116.04
4605.82
116.04
4313.46
117.28
1275.85
117.28
4048.08
117.28
1876.52
117.28
330.46
117.28
3806.46
117.28
10363.09
117.28
1658.09
118.54
348.90
118.54
14343.37
118.54
5686.19
118.54
406.36
118.54
5287.29
118.54
7835.98
118.54
10363.09
119.82
4928.93
119.82
736.93
119.82
4605.82
119.82
1799.15
119.82
9399.62
119.82
981.12
119.82
1593.71
121.12
10363.09
121.12
5686.19
121.12
601.72
121.12
7196.59
121.12
2349.91
121.12
4928.93
121.12
845.97
122.44
3198.48
122.44
18423.27
122.44
2590.77
122.44
4605.82
122.44
12793.93
122.44
3806.46
122.44
3027.93
123.78
14343.37
123.78
34.23
123.78
1593.71
123.78
4605.82
123.78
2465.93
123.78
422.94
123.78
1726.46
123.78
1475.70
123.78
2241.88
123.78
3198.48
125.14
2870.66
125.14
10363.09
125.14
681.33
125.14
1959.00
125.14
1114.01
125.14
5686.19
125.14
2349.91
126.53
12793.93
126.53
7196.59
126.53
6632.37
126.53
1421.55
126.53
1593.71
126.53
1533.00
126.53
2141.13
126.53
4313.46
127.94
3198.48
127.94
7835.98
127.94
3585.84
127.94
28786.35
127.94
3585.84
127.94
7196.59
127.94
28786.35
129.37
6632.37
129.37
0.87
126.53
7835.98
126.53
11.91
126.53
5287.29
126.53
26.84
126.53
0.77
123.78
5.27
122.44
3.16
121.12
24528.02
121.12
20.93
121.12
16.25
121.12
17.92
119.82
2.61
118.54
18423.27
119.82
479.27
119.82
7835.98
119.82
18423.27
119.82
1593.71
119.82
249.10
119.82
4048.08
119.82
2725.33
119.82
9399.62
121.12
6132.00
121.12
4605.82
121.12
3585.84
121.12
8564.53
121.12
4313.46
121.12
9399.62
121.12
951.61
122.44
4605.82
122.44
587.48
122.44
3027.93
122.44
5686.19
122.44
1370.33
122.44
5686.19
122.44
3806.46
122.44
6132.00
123.78
14343.37
123.78
4313.46
123.78
5287.29
123.78
2141.13
123.78
5287.29
123.78
21149.16
123.78
12793.93
125.14
16192.32
125.14
11482.64
125.14
6632.37
125.14
7835.98
125.14
1232.23
125.14
28786.35
125.14
24528.02
126.53
6632.37
126.53
2349.91
126.53
8564.53
126.53
8564.53
126.53
1321.82
126.53
24528.02
126.53
24528.02
127.94
1726.46
127.94
18423.27
127.94
3027.93
127.94
4048.08
127.94
21149.16
127.94
4928.93
127.94
1421.55
129.37
11482.64
129.37
717.67
129.37
7196.59
129.37
6132.00
129.37
6132.00
129.37
777.86
129.37
18423.27
129.37
2241.88
130.83
21149.16
130.83
951.61
130.83
7196.59
130.83
16192.32
130.83
6632.37
130.83
449.79
130.83
14343.37
130.83
21149.16
132.31
34258.13
132.31
1190.82
132.31
14343.37
132.31
489.75
132.31
24528.02
132.31
4048.08
132.31
12793.93
132.31
9399.62
133.82
3027.93
133.82
1593.71
133.82
211.49
133.82
573.73
133.82
1.23
130.83
16192.32
132.31
2870.66
132.31
2465.93
132.31
0.72
129.37
2725.33
129.37
0.27
125.14
24528.02
125.14
1.02
122.44
21149.16
123.78
2047.03
123.78
11482.64
123.78
24.42
123.78
107.90
123.78
13.80
122.44
616.48
122.44
20.65
122.44
105.73
122.44
15.69
122.44
1.42
121.12
9.29
119.82
9.49
119.82
9.37
118.54
9.52
118.54
9.46
118.54
9.52
117.28
9.52
117.28
0.31
113.63
9.37
112.45
9.72
112.45
9.46
112.45
9.69
111.28
9.49
111.28
9.69
110.14
9.55
110.14
9.69
110.14
9.57
109.01
9.72
109.01
9.55
109.01
9.72
107.90
9.55
107.90
9.72
106.81
9.57
106.81
9.75
106.81
9.57
105.73
9.81
105.73
9.57
104.67
9.81
104.67
9.52
104.67
9.90
103.63
9.40
103.63
10.06
103.63
9.29
102.60
10.12
102.60
9.18
101.59
10.25
101.59
9.32
101.59
10.18
100.59
9.26
100.59
10.22
100.59
9.29
99.61
10.22
99.61
9.26
98.64
10.22
98.64
0.00
69.06
73.18
69.06
0.26
67.40
3.56
66.86
122.44
66.86
36.94
66.86
186.71
66.86
84.87
66.86
390.73
66.86
52.13
66.86
49.29
66.86
163.97
67.40
0.27
65.80
24528.02
65.80
9.69
65.28
16192.32
65.80
78.36
65.80
52.50
65.80
8564.53
65.80
777.86
65.80
12.20
65.80
94.90
65.80
12.45
65.28
34258.13
65.80
34.83
65.80
86.43
65.80
6.73
65.28
58.15
65.28
89.68
65.28
8.73
65.28
7196.59
65.28
21149.16
65.28
21149.16
65.28
14343.37
65.80
39.00
65.80
114.83
65.80
2.27
9.23
10.22
9.72
9.23
9.55
10.28
9.72
0.07
0.96
2.39
1.09
0.13
0.68
24528.02
0.88
3.75
1.00
44.56
1.19
4.42
1.30
24528.02
1.54
0.61
1.41
34.83
1.59
4.26
1.68
3.94
1.75
1.52
1.73
28786.35
1.94
32.52
2.11
0.08
1.46
2047.03
1.61
52.87
1.73
52.50
1.86
1658.09
2.02
15.69
2.13
342.58
2.29
21149.16
2.47
184.23
2.63
8564.53
2.82
7835.98
3.01
0.01
0.97
0.00
0.07
257.01
0.07
0.01
0.07
2.01
0.07
2.59
0.07
2.51
0.08
8.51
0.08
13.51
0.09
1959.00
0.09
8.81
0.09
10.12
0.10
9.60
0.10
10.22
0.11
9.55
0.11
12.15
0.12
2047.03
0.12
9.29
0.13
12.03
0.13
3198.48
0.14
11.79
0.14
717.67
0.15
10.75
0.15
11.59
0.16
717.67
0.16
11.87
0.17
9399.62
0.17
8.94
0.18
11.83
0.18
21149.16
0.19
8.73
0.19
2.78
0.20
845.97
0.21
2.47
0.21
2.48
0.22
2.77
0.22
845.97
0.23
2.47
0.23
2.48
0.24
11.51
0.24
11.29
0.25
547.66
0.25
11.10
0.26
8.76
0.27
12.85
0.27
2349.91
0.28
12.49
0.29
336.44
0.29
11.10
0.30
8.99
0.31
13.60
0.31
981.12
0.32
9.52
0.33
10.22
0.33
9.96
0.34
9.49
0.35
10.48
0.35
9.49
0.36
10.85
0.37
9.15
0.37
10.89
0.38
9.07
0.39
11.25
0.39
13.12
0.40
287.86
0.41
16.71
0.42
348.90
0.42
13.65
0.43
245.28
0.44
11.21
0.45
14.76
0.45
181.80
0.46
18.22
0.47
287.86
0.48
8.15
0.49
19.76
0.49
573.73
0.50
11.83
0.51
177.08
0.52
20.75
0.53
14343.37
0.54
1044.40
0.55
11.29
0.55
172.54
0.56
17.99
0.57
4605.82
0.58
11.71
0.59
127.94
0.60
17.99
0.61
11.00
0.62
112.45
0.62
3.54
0.63
97.68
0.64
12.67
0.65
9.99
0.66
7.35
0.66
71.37
0.67
278.50
0.68
3.80
0.69
194.47
0.70
7835.98
0.71
1370.33
0.72
601.72
0.73
7.25
0.74
1421.55
0.75
6.30
0.76
4928.93
0.77
168.17
0.78
145.14
0.79
4928.93
0.80
7.91
0.81
1593.71
0.82
4.11
0.83
9.23
0.83
9.90
0.84
5.32
9.49
9.69
9.60
9.49
9.57
9.66
9.60
9.55
9.57
9.63
9.60
9.63
9.60
9.57
9.60
9.60
9.60
9.63
9.60
9.55
9.60
9.72
9.60
9.49
9.60
9.81
9.63
9.46
9.60
9.84
9.63
9.78
9.63
9.55
9.63
9.55
9.63
9.78
9.63
9.52
9.63
9.81
9.63
9.52
9.63
9.84
9.63
9.49
9.63
9.90
9.66
9.40
9.63
10.03
9.66
9.37
9.63
10.06
9.66
9.37
9.66
10.12
9.66
9.26
9.66
10.22
9.66
9.21
9.66
10.35
9.66
9.18
9.66
10.31
9.69
9.18
9.66
10.31
9.69
